episode, reward, success, duration, steps, total_steps, memory length, avg_critic_loss, avg_actor_loss
1, -4439.046426534653, 3, 9.53518811200047, 525, 25289,                                             25289, 0.0, 4097.82763671875
2, -5880.285901069641, 2, 11.616564708994702, 633, 25922,                                             25922, 0.0, 3228.171630859375
3, -5872.757490873337, 2, 14.552634212996054, 800, 26722,                                             26722, 0.0, 4508.90478515625
4, -4562.6359758377075, 2, 5.928759364003781, 319, 27041,                                             27041, 0.0, 4018.770751953125
5, -4185.453804016113, 2, 7.115077320995624, 382, 27423,                                             27423, 0.0, 3418.0615234375
6, -7783.9400421381, 2, 19.961987800001225, 1105, 28528,                                             28528, 0.0, 5162.52734375
7, -4017.566089630127, 2, 5.330238037000527, 283, 28811,                                             28811, 0.0, 6849.205078125
8, -6357.050885081291, 3, 9.320216917003563, 499, 29310,                                             29310, 0.0, 6609.6142578125
9, -7174.881174325943, 2, 13.345229606995417, 737, 30047,                                             30047, 0.0, 4733.4541015625
10, 2173.3082150816917, 1, 4.5093539290028275, 228, 30275,                                             30275, 0.0, 7934.279296875
11, -3343.05468249321, 2, 3.7932758160022786, 197, 30472,                                             30472, 0.0, 8019.14599609375
12, -4629.696441888809, 2, 6.129587129995343, 337, 30809,                                             30809, 0.0, 6538.154296875
13, -4607.578466415405, 2, 6.717220065998845, 356, 31165,                                             31165, 0.0, 8715.4609375
14, -3818.8322625160217, 2, 6.928113402995223, 375, 31540,                                             31540, 0.0, 6723.34326171875
15, -4340.378617525101, 2, 7.113047257000289, 380, 31920,                                             31920, 0.0, 8445.142578125
16, -3439.8886538743973, 2, 5.725308537999808, 305, 32225,                                             32225, 0.0, 6112.90673828125
17, -4932.898956537247, 2, 8.321101587003795, 439, 32664,                                             32664, 0.0, 7782.0751953125
18, -4212.728587150574, 3, 8.73584694800229, 480, 33144,                                             33144, 0.0, 5436.6142578125
19, -4381.387092351913, 2, 6.936296292995394, 381, 33525,                                             33525, 0.0, 10010.91796875
20, -6180.384566903114, 2, 12.532117025002663, 673, 34198,                                             34198, 0.0, 6784.0087890625
21, -5287.576245069504, 2, 6.991327775998798, 375, 34573,                                             34573, 0.0, 6621.36328125
22, -2950.1019455194473, 2, 4.923947174997011, 269, 34842,                                             34842, 0.0, 8857.216796875
23, -7120.77313709259, 2, 13.752082055005303, 757, 35599,                                             35599, 0.0, 5476.86572265625
24, -3924.715161085129, 2, 5.31248009599949, 273, 35872,                                             35872, 0.0, 6436.802734375
25, -4689.920303106308, 2, 12.543771888995252, 682, 36554,                                             36554, 0.0, 7069.52587890625
26, -4565.8245404958725, 2, 12.331029189001129, 653, 37207,                                             37207, 0.0, 5359.21484375
27, -6017.327867746353, 2, 13.347744002996478, 725, 37932,                                             37932, 0.0, 5798.0380859375
28, -5180.6918861866, 2, 13.331011745001888, 706, 38638,                                             38638, 0.0, 7242.546875
29, -4449.5556708574295, 2, 9.339595821002149, 509, 39147,                                             39147, 0.0, 5938.0888671875
30, -5928.498801231384, 2, 14.554736379002861, 785, 39932,                                             39932, 0.0, 10031.2333984375
31, -3478.729373693466, 2, 7.172320683996077, 370, 40302,                                             40302, 0.0, 7930.13037109375
32, -4021.495532274246, 2, 6.920807149006578, 363, 40665,                                             40665, 0.0, 7543.1357421875
33, -4218.240535020828, 2, 5.731195599000785, 308, 40973,                                             40973, 0.0, 6519.6162109375
34, -4428.764210224152, 2, 7.115322195000772, 374, 41347,                                             41347, 0.0, 8368.3408203125
35, -9563.940007567406, 2, 16.75502007799514, 898, 42245,                                             42245, 0.0, 7040.62939453125
36, -4536.601961374283, 3, 8.93806300900178, 473, 42718,                                             42718, 0.0, 8517.1904296875
37, -3910.7510137557983, 2, 7.117173801001627, 368, 43086,                                             43086, 0.0, 9268.9560546875
38, -5808.943347930908, 2, 8.533320094000374, 450, 43536,                                             43536, 0.0, 6356.15283203125
39, -10072.711459517479, 2, 19.94689534999634, 1062, 44598,                                             44598, 0.0, 7026.4482421875
40, -3824.5571897029877, 2, 6.7325921390001895, 362, 44960,                                             44960, 0.0, 5583.8427734375
41, -7651.295146226883, 2, 11.781213818998367, 617, 45577,                                             45577, 0.0, 8133.29248046875
42, -7872.141197443008, 2, 21.570173175998207, 1129, 46706,                                             46706, 0.0, 7393.53515625
43, -4382.620115339756, 2, 10.944290128994908, 572, 47278,                                             47278, 0.0, 6684.5087890625
44, -6383.4668390750885, 2, 14.539359643000353, 757, 48035,                                             48035, 0.0, 7248.5078125
45, -3533.7473022937775, 2, 5.518289827996341, 279, 48314,                                             48314, 0.0, 5746.67529296875
46, -5504.564356327057, 2, 12.742656766000437, 671, 48985,                                             48985, 0.0, 8183.50244140625
47, -6419.762744665146, 2, 13.934343646003981, 715, 49700,                                             49700, 0.0, 8164.935546875
48, -3878.684789419174, 2, 6.9343709430031595, 356, 50056,                                             50056, 0.0, 8705.40625
49, -4003.8187634944916, 2, 7.922213922000083, 404, 50460,                                             50460, 0.0, 8552.6962890625
50, -4588.374047875404, 2, 7.521640191000188, 384, 50844,                                             50844, 0.0, 9246.3818359375
51, -7858.975412368774, 2, 18.517199724999955, 977, 51821,                                             51821, 0.0, 8341.232421875
52, -4963.407953977585, 2, 8.32246748200123, 429, 52250,                                             52250, 0.0, 6805.88232421875
53, -9658.800143122673, 2, 22.770383820999996, 1118, 53368,                                             53368, 0.0, 7107.6689453125
54, 2320.3493951559067, 1, 3.9110548830067273, 196, 53564,                                             53564, 0.0, 7207.57861328125
55, -5858.268289089203, 2, 10.141266277001705, 513, 54077,                                             54077, 0.0, 7903.61328125
56, -3251.7241393327713, 2, 6.730785966996336, 341, 54418,                                             54418, 0.0, 10176.138671875
57, -3546.3107013106346, 2, 7.916203590997611, 390, 54808,                                             54808, 0.0, 10301.9375
58, -4192.642815828323, 2, 7.3351339400032884, 376, 55184,                                             55184, 0.0, 8644.431640625
59, 1983.2836669683456, 1, 8.520149909003521, 417, 55601,                                             55601, 0.0, 9948.6875
60, -4753.476788699627, 2, 12.5511947039995, 627, 56228,                                             56228, 0.0, 7883.07568359375
61, -4282.353341579437, 2, 8.55581671300024, 427, 56655,                                             56655, 0.0, 9247.150390625
62, -6447.521693646908, 2, 13.547223485998984, 683, 57338,                                             57338, 0.0, 9386.6083984375
63, -7185.840464353561, 2, 16.54602656699717, 824, 58162,                                             58162, 0.0, 7727.52978515625
64, -4057.8798718452454, 2, 7.91461829799664, 382, 58544,                                             58544, 0.0, 8264.193359375
65, -5591.065193772316, 2, 13.94532705599704, 697, 59241,                                             59241, 0.0, 7876.44775390625
66, -4753.746332645416, 2, 7.115588933003892, 345, 59586,                                             59586, 0.0, 9874.1357421875
67, -3730.1666651964188, 2, 8.935362543001247, 442, 60028,                                             60028, 0.0, 8771.3974609375
68, -4017.8544681072235, 2, 12.129577813997457, 593, 60621,                                             60621, 0.0, 8262.29296875
69, -3696.339377760887, 2, 5.7248831749966484, 279, 60900,                                             60900, 0.0, 10469.4873046875
70, 2332.5489054322243, 1, 4.112182199001836, 187, 61087,                                             61087, 0.0, 8074.24951171875
71, -5643.821853876114, 2, 9.175768385000993, 460, 61547,                                             61547, 0.0, 9075.552734375
72, -3331.251054286957, 2, 8.14043208899966, 403, 61950,                                             61950, 0.0, 9422.55859375
73, -4426.993824481964, 2, 6.316819892002968, 298, 62248,                                             62248, 0.0, 10641.466796875
74, -4460.523721933365, 3, 9.523269630997675, 461, 62709,                                             62709, 0.0, 9689.2587890625
75, -5812.915035486221, 3, 9.135372267002822, 443, 63152,                                             63152, 0.0, 8459.2119140625
76, 1814.150607392192, 1, 8.132466818002285, 403, 63555,                                             63555, 0.0, 7508.63134765625
77, -3565.2028436660767, 2, 4.310032476001652, 204, 63759,                                             63759, 0.0, 10742.2470703125
78, -6308.771482348442, 2, 21.767975690003368, 1069, 64828,                                             64828, 0.0, 7588.07763671875
79, -6230.949230313301, 2, 15.748753601001226, 771, 65599,                                             65599, 0.0, 8868.6376953125
80, 1869.8421297371387, 1, 8.73510426699795, 409, 66008,                                             66008, 0.0, 8492.384765625
81, -4608.181884050369, 2, 4.732885271994746, 216, 66224,                                             66224, 0.0, 6424.93310546875
82, -5053.141448140144, 2, 11.947862116001488, 582, 66806,                                             66806, 0.0, 8199.0078125
83, -7897.134227514267, 2, 24.56840006400307, 1206, 68012,                                             68012, 0.0, 8596.8837890625
84, -1079.2085809409618, 1, 24.959877740999218, 1216, 69228,                                             69228, 0.0, 8540.3623046875
85, -4030.829015016556, 2, 8.932532525002898, 417, 69645,                                             69645, 0.0, 7127.54052734375
86, -5050.398233652115, 2, 13.347819566995895, 647, 70292,                                             70292, 0.0, 6506.83837890625
87, -3731.18368601799, 2, 5.511574985997868, 261, 70553,                                             70553, 0.0, 7691.2294921875
88, -3639.0445482730865, 2, 8.135355938997236, 396, 70949,                                             70949, 0.0, 6921.4921875
89, -3418.7290942668915, 2, 4.927876246998494, 239, 71188,                                             71188, 0.0, 6418.66162109375
90, -6275.628463745117, 2, 19.937100871997245, 968, 72156,                                             72156, 0.0, 7309.5322265625
91, -4243.729527235031, 2, 7.580216903996188, 367, 72523,                                             72523, 0.0, 8139.5830078125
92, -4749.847886562347, 2, 7.131271694001043, 324, 72847,                                             72847, 0.0, 6904.1171875
93, -3394.566459774971, 2, 6.115977567998925, 281, 73128,                                             73128, 0.0, 8458.59375
94, -4334.114477992058, 3, 13.945560690997809, 655, 73783,                                             73783, 0.0, 6986.90234375
95, -3831.982318609953, 2, 11.728723255997465, 558, 74341,                                             74341, 0.0, 7647.98486328125
96, -3769.697718858719, 2, 5.929726731003029, 283, 74624,                                             74624, 0.0, 5967.44482421875
97, -4096.2103588581085, 2, 6.3176602739986265, 293, 74917,                                             74917, 0.0, 8081.15283203125
98, -8017.733813166618, 2, 16.75499171500269, 818, 75735,                                             75735, 0.0, 5843.29931640625
99, -4413.367979764938, 2, 12.525972263996664, 597, 76332,                                             76332, 0.0, 6399.3955078125
100, -3171.6558077335358, 2, 8.532631818001391, 416, 76748,                                             76748, 0.0, 5678.8544921875
101, -3960.666181564331, 2, 9.781764782994287, 465, 77213,                                             77213, 0.0, 5911.67724609375
102, -3691.946180820465, 2, 5.928200505004497, 284, 77497,                                             77497, 0.0, 5304.21533203125
103, -5587.404252052307, 2, 13.33066715199675, 642, 78139,                                             78139, 0.0, 5962.48193359375
104, -3529.207369327545, 2, 5.71321487500245, 269, 78408,                                             78408, 0.0, 4892.75146484375
105, -4039.03017783165, 2, 5.731249923999712, 277, 78685,                                             78685, 0.0, 5969.19970703125
106, -5119.919084787369, 2, 12.930389814995578, 619, 79304,                                             79304, 0.0, 6575.45166015625
107, -5659.198955535889, 2, 9.136524540001119, 441, 79745,                                             79745, 0.0, 7244.41943359375
108, -5579.670043826103, 2, 9.738878238000325, 466, 80211,                                             80211, 0.0, 6577.9423828125
109, -4941.085821270943, 2, 15.153486829003668, 741, 80952,                                             80952, 0.0, 6583.27978515625
110, -5500.476881504059, 2, 12.943340316000103, 627, 81579,                                             81579, 0.0, 6457.630859375
111, -5295.777766227722, 2, 10.353993094999169, 494, 82073,                                             82073, 0.0, 7487.70556640625
112, -7968.800442934036, 2, 16.15302525700099, 784, 82857,                                             82857, 0.0, 5602.18603515625
113, -3966.4737164974213, 2, 10.526730068995676, 498, 83355,                                             83355, 0.0, 5875.86328125
114, -5793.694096803665, 2, 14.754030297997815, 720, 84075,                                             84075, 0.0, 6760.62548828125
115, -6795.443274259567, 2, 17.140083145000972, 823, 84898,                                             84898, 0.0, 5313.3798828125
116, -4887.353207111359, 3, 11.930403020000085, 570, 85468,                                             85468, 0.0, 6529.982421875
117, 1936.8349628448486, 1, 8.128558667995094, 396, 85864,                                             85864, 0.0, 5927.65380859375
118, -4721.960302352905, 2, 4.9112333840021165, 227, 86091,                                             86091, 0.0, 4232.4248046875
119, -5149.935802936554, 2, 12.941348300002574, 626, 86717,                                             86717, 0.0, 5388.27685546875
120, -3658.384200334549, 2, 7.119569185997534, 333, 87050,                                             87050, 0.0, 6752.67333984375
121, -3404.6250348091125, 2, 6.365357861002849, 296, 87346,                                             87346, 0.0, 6031.01708984375
122, -3661.932511329651, 2, 5.32604606699897, 259, 87605,                                             87605, 0.0, 5912.25732421875
123, -3078.5024197101593, 2, 7.115117070999986, 332, 87937,                                             87937, 0.0, 5596.33984375
124, -8023.273876428604, 2, 14.746494822000386, 721, 88658,                                             88658, 0.0, 5098.681640625
125, 2068.5433581769466, 1, 7.915742662000412, 380, 89038,                                             89038, 0.0, 5037.74658203125
126, -7186.856919527054, 2, 7.935736921004718, 380, 89418,                                             89418, 0.0, 4913.93505859375
127, -5516.034173607826, 2, 14.737059241997486, 715, 90133,                                             90133, 0.0, 5425.3125
128, -3336.386951684952, 2, 5.315101934000268, 244, 90377,                                             90377, 0.0, 5122.57177734375
129, -4175.088796854019, 2, 10.939257544996508, 533, 90910,                                             90910, 0.0, 4573.50390625
130, -3776.268920660019, 2, 5.929362319002394, 265, 91175,                                             91175, 0.0, 4865.49951171875
131, -3993.3719594478607, 2, 5.954246312998293, 287, 91462,                                             91462, 0.0, 4236.70068359375
132, -3699.245885848999, 2, 5.7265196180014755, 280, 91742,                                             91742, 0.0, 4837.48876953125
133, -5326.119141578674, 2, 11.943156000001181, 580, 92322,                                             92322, 0.0, 6173.052734375
134, -5270.151619672775, 2, 14.732265852995624, 712, 93034,                                             93034, 0.0, 5259.73828125
135, -7129.227552652359, 2, 16.749314209999284, 817, 93851,                                             93851, 0.0, 4709.763671875
136, -4718.9936500787735, 2, 15.934319235995645, 772, 94623,                                             94623, 0.0, 5480.0810546875
137, -3584.946382522583, 2, 5.517792206002923, 255, 94878,                                             94878, 0.0, 4796.7734375
138, 1980.7580387592316, 1, 8.136843205000332, 392, 95270,                                             95270, 0.0, 5116.9462890625
139, -4489.055294752121, 2, 5.5308642180025345, 246, 95516,                                             95516, 0.0, 4787.390625
140, -4222.977998018265, 3, 10.939055570001074, 537, 96053,                                             96053, 0.0, 5119.96337890625
141, -3396.164301633835, 2, 6.741772885005048, 318, 96371,                                             96371, 0.0, 4140.9619140625
142, -4260.5594218969345, 2, 10.138528659997974, 494, 96865,                                             96865, 0.0, 4452.82275390625
143, -5115.930269956589, 2, 11.944753021998622, 583, 97448,                                             97448, 0.0, 4534.09912109375
144, -6300.317942857742, 3, 14.333491147997847, 690, 98138,                                             98138, 0.0, 4695.55810546875
145, -5010.724096655846, 2, 11.139785856001254, 541, 98679,                                             98679, 0.0, 4340.00732421875
146, -4986.255634665489, 2, 12.542616787002771, 611, 99290,                                             99290, 0.0, 4121.08837890625
147, -6751.792860627174, 2, 18.959276468995085, 927, 100217,                                             100217, 0.0, 3747.396728515625
148, -2949.921253800392, 3, 8.920323393998842, 423, 100640,                                             100640, 0.0, 4331.50732421875
149, -4431.063392162323, 2, 10.742670018000354, 523, 101163,                                             101163, 0.0, 4419.9912109375
150, -4315.163063526154, 2, 7.114537296998606, 332, 101495,                                             101495, 0.0, 4197.70703125
151, -5093.875480294228, 2, 16.78708205899602, 814, 102309,                                             102309, 0.0, 4595.81982421875
152, -4845.066939711571, 2, 12.92854023000109, 623, 102932,                                             102932, 0.0, 3874.327880859375
153, -5602.822111129761, 3, 19.359998703999736, 940, 103872,                                             103872, 0.0, 3975.30859375
154, -6494.172389149666, 3, 21.751004459998512, 1046, 104918,                                             104918, 0.0, 4277.40869140625
155, -5918.612681746483, 2, 19.355065290998027, 928, 105846,                                             105846, 0.0, 3468.776611328125
156, -5143.193669319153, 2, 12.129354359996796, 574, 106420,                                             106420, 0.0, 4419.22265625
157, -4633.901420474052, 2, 10.334713877004106, 508, 106928,                                             106928, 0.0, 3696.59765625
158, -3734.534878015518, 2, 5.713382889000059, 259, 107187,                                             107187, 0.0, 4003.38818359375
159, -7331.424109876156, 3, 20.56681622999895, 997, 108184,                                             108184, 0.0, 3608.72412109375
160, -3088.3018609285355, 2, 6.714809406999848, 321, 108505,                                             108505, 0.0, 4070.218017578125
161, -5006.999896764755, 2, 12.354774482999346, 609, 109114,                                             109114, 0.0, 3991.53076171875
162, -6144.238099336624, 2, 12.341725295998913, 610, 109724,                                             109724, 0.0, 4455.37890625
163, -5327.716775774956, 2, 8.923206982995907, 430, 110154,                                             110154, 0.0, 4490.818359375
164, -5742.537432909012, 2, 12.545486995993997, 612, 110766,                                             110766, 0.0, 3781.3349609375
165, -7809.3664457798, 2, 12.731149558996549, 616, 111382,                                             111382, 0.0, 3797.006591796875
166, -3884.8190195560455, 2, 11.52956099799485, 553, 111935,                                             111935, 0.0, 3846.284423828125
167, -5190.371846318245, 2, 10.941685111996776, 537, 112472,                                             112472, 0.0, 3640.7275390625
168, -4566.764578580856, 3, 12.146493843996723, 596, 113068,                                             113068, 0.0, 3408.43798828125
169, -4486.789293527603, 3, 10.123233432001143, 477, 113545,                                             113545, 0.0, 3362.104736328125
170, -4677.4749311208725, 3, 9.536279495005147, 460, 114005,                                             114005, 0.0, 3691.156005859375
171, -3735.3645162582397, 2, 7.73113829200156, 362, 114367,                                             114367, 0.0, 3372.67236328125
172, -4561.000648260117, 2, 6.933081019000383, 335, 114702,                                             114702, 0.0, 4538.32958984375
173, -8987.738023877144, 2, 21.967207241003052, 1063, 115765,                                             115765, 0.0, 3691.039306640625
174, -7176.005962371826, 2, 21.56674274499528, 1046, 116811,                                             116811, 0.0, 3607.283447265625
175, -4189.640223503113, 2, 11.728005580996978, 563, 117374,                                             117374, 0.0, 4585.70947265625
176, -7337.815153717995, 2, 22.56549808699492, 1100, 118474,                                             118474, 0.0, 3423.520263671875
177, -2882.4791132211685, 2, 6.330733237002278, 297, 118771,                                             118771, 0.0, 3386.153076171875
178, -3951.221991300583, 2, 9.722688367997762, 462, 119233,                                             119233, 0.0, 3993.444091796875
179, 1139.4337708353996, 1, 8.935971394996159, 427, 119660,                                             119660, 0.0, 3707.6025390625
180, -3465.7990486621857, 2, 3.10945357199671, 135, 119795,                                             119795, 0.0, 2755.97705078125
181, -3694.9400861263275, 2, 6.764213349000784, 324, 120119,                                             120119, 0.0, 3696.3515625
182, -5444.868548512459, 2, 16.93456997499743, 818, 120937,                                             120937, 0.0, 3400.750732421875
183, -5553.794510602951, 2, 13.531746481996379, 648, 121585,                                             121585, 0.0, 3202.59228515625
184, -6380.060788869858, 2, 13.544716960997903, 650, 122235,                                             122235, 0.0, 3225.840576171875
185, -4169.610509455204, 2, 10.722051668002678, 513, 122748,                                             122748, 0.0, 3560.73486328125
186, -4183.126800835133, 2, 11.14357366799959, 536, 123284,                                             123284, 0.0, 2906.329345703125
187, -3427.5190871953964, 2, 7.312741540998104, 338, 123622,                                             123622, 0.0, 3344.2802734375
188, -6309.2673090696335, 2, 18.160284771998704, 888, 124510,                                             124510, 0.0, 3211.69873046875
189, -7088.762985229492, 3, 14.948820543002512, 727, 125237,                                             125237, 0.0, 3001.435791015625
190, -3435.4345177412033, 3, 8.921492353001668, 417, 125654,                                             125654, 0.0, 2976.510986328125
191, -6800.727706551552, 2, 16.764648835000116, 808, 126462,                                             126462, 0.0, 3021.50341796875
192, -4104.290599822998, 3, 9.322781798000506, 442, 126904,                                             126904, 0.0, 2505.317626953125
193, -5098.111060976982, 2, 14.55164161400171, 707, 127611,                                             127611, 0.0, 3429.16162109375
194, -5606.356730341911, 2, 14.734524585001054, 702, 128313,                                             128313, 0.0, 3206.668212890625
195, 1987.2308186888695, 1, 7.920560954000393, 368, 128681,                                             128681, 0.0, 3073.337646484375
196, -4223.693641424179, 2, 4.3280739710025955, 207, 128888,                                             128888, 0.0, 3840.364990234375
197, -4263.816682577133, 2, 9.521296898994478, 452, 129340,                                             129340, 0.0, 3036.079345703125
198, -4218.291065812111, 2, 10.94525779599644, 532, 129872,                                             129872, 0.0, 3013.80322265625
199, -5552.889740347862, 2, 16.13412348899874, 771, 130643,                                             130643, 0.0, 2820.842529296875
200, 2371.542421936989, 1, 3.9244569729999057, 188, 130831,                                             130831, 0.0, 2250.86474609375
201, -3345.1825046539307, 2, 3.7547961349991965, 162, 130993,                                             130993, 0.0, 2738.246826171875
202, -4496.253933906555, 2, 9.536725548001414, 454, 131447,                                             131447, 0.0, 3275.624755859375
203, -4826.2383778095245, 2, 13.550160598002549, 629, 132076,                                             132076, 0.0, 3114.003173828125
204, -7379.850087881088, 2, 28.778622363999602, 1410, 133486,                                             133486, 0.0, 3064.557373046875
205, -5122.056131601334, 2, 11.541982712995377, 557, 134043,                                             134043, 0.0, 3725.35400390625
206, -3647.989856481552, 2, 5.913570534998144, 270, 134313,                                             134313, 0.0, 3162.586669921875
207, -3880.4957488775253, 2, 11.537158649000048, 550, 134863,                                             134863, 0.0, 2524.556640625
208, -5435.684482574463, 2, 15.936395222997817, 766, 135629,                                             135629, 0.0, 3277.179931640625
209, -7339.384722828865, 2, 19.965078189998167, 969, 136598,                                             136598, 0.0, 3183.873046875
210, -4867.901541471481, 2, 11.726583718998882, 564, 137162,                                             137162, 0.0, 3402.34375
211, -5814.852138996124, 2, 16.758441703001154, 800, 137962,                                             137962, 0.0, 3476.074951171875
212, -4604.922651648521, 3, 13.35115136999957, 648, 138610,                                             138610, 0.0, 2846.84423828125
213, -3895.1006491184235, 2, 6.9147487500013085, 321, 138931,                                             138931, 0.0, 3164.80908203125
214, -3940.9789457321167, 3, 8.937349691004783, 432, 139363,                                             139363, 0.0, 3208.7314453125
215, -5980.431089043617, 3, 11.724901018998935, 555, 139918,                                             139918, 0.0, 2831.5205078125
216, -5918.845726251602, 2, 16.947126637998736, 800, 140718,                                             140718, 0.0, 2870.755615234375
217, -6282.690221309662, 2, 14.145828758999414, 684, 141402,                                             141402, 0.0, 2939.065673828125
218, -3777.2200399637222, 2, 11.527455879004265, 545, 141947,                                             141947, 0.0, 3305.073974609375
219, -3589.5939223766327, 2, 6.1324252799968235, 289, 142236,                                             142236, 0.0, 3146.68310546875
220, -6050.747186303139, 2, 15.334170180998626, 719, 142955,                                             142955, 0.0, 2810.18017578125
221, -6172.6939761042595, 2, 19.990162166999653, 959, 143914,                                             143914, 0.0, 3620.60205078125
222, -4635.843037605286, 2, 14.757479788000637, 716, 144630,                                             144630, 0.0, 3021.172119140625
223, -5219.274740695953, 2, 14.130797399004223, 675, 145305,                                             145305, 0.0, 3146.611572265625
224, -4042.5893697738647, 2, 6.926638014003402, 329, 145634,                                             145634, 0.0, 2971.573974609375
225, -4795.260642886162, 2, 12.344070596001984, 597, 146231,                                             146231, 0.0, 2721.517578125
226, -3659.022480726242, 2, 6.933904874997097, 331, 146562,                                             146562, 0.0, 2921.46435546875
227, 1978.2274208068848, 1, 8.519423001001996, 398, 146960,                                             146960, 0.0, 2907.931884765625
228, -3849.7548489570618, 2, 3.723731204001524, 176, 147136,                                             147136, 0.0, 2757.28662109375
229, -4540.771853208542, 2, 14.126954508996278, 674, 147810,                                             147810, 0.0, 3334.399169921875
230, 2222.698208928108, 1, 4.322028672002489, 204, 148014,                                             148014, 0.0, 4342.4921875
231, -3379.2279645204544, 2, 4.504815638996661, 208, 148222,                                             148222, 0.0, 2795.220458984375
232, -3550.6724792718887, 2, 5.726790048000112, 277, 148499,                                             148499, 0.0, 2566.227783203125
233, -4333.294763207436, 2, 10.14120580299641, 484, 148983,                                             148983, 0.0, 3236.48095703125
234, -5938.660684943199, 2, 13.351814533001743, 642, 149625,                                             149625, 0.0, 2822.4814453125
235, -3696.669497489929, 2, 7.732405242000823, 357, 149982,                                             149982, 0.0, 3293.6201171875
236, -4447.858877778053, 2, 11.127279155996803, 530, 150512,                                             150512, 0.0, 3121.351806640625
237, -4015.3022468090057, 2, 9.939639352996892, 481, 150993,                                             150993, 0.0, 2519.290771484375
238, -5919.564699053764, 2, 13.546444043997326, 666, 151659,                                             151659, 0.0, 3059.075439453125
239, -13803.71040570736, 2, 45.00566569399962, 2170, 153829,                                             153829, 0.0, 2916.033447265625
240, -4292.094017028809, 2, 8.529689490998862, 409, 154238,                                             154238, 0.0, 2836.149658203125
241, -5521.189378857613, 2, 19.546250613006123, 930, 155168,                                             155168, 0.0, 2862.45263671875
242, -5353.16253387928, 3, 11.545116637993488, 553, 155721,                                             155721, 0.0, 3220.136962890625
243, -3068.1849563121796, 3, 8.334603103001427, 402, 156123,                                             156123, 0.0, 3168.409423828125
244, -5272.910934209824, 2, 10.926127148995874, 513, 156636,                                             156636, 0.0, 2737.9208984375
245, -3890.169451713562, 3, 8.741755669005215, 419, 157055,                                             157055, 0.0, 3135.608642578125
246, -3903.3651612997055, 2, 8.115210629999638, 379, 157434,                                             157434, 0.0, 3167.3310546875
247, -4198.99890768528, 2, 8.934387285000412, 431, 157865,                                             157865, 0.0, 2682.656982421875
248, -5029.576769590378, 3, 11.536943156002962, 546, 158411,                                             158411, 0.0, 2867.0322265625
249, -11263.94349193573, 2, 25.5565882209994, 1227, 159638,                                             159638, 0.0, 3024.251953125
250, 2416.386190712452, 1, 3.928837592000491, 185, 159823,                                             159823, 0.0, 2641.876953125
251, -12099.135864257812, 2, 32.18016957700456, 1542, 161365,                                             161365, 0.0, 2943.4873046875
252, -6275.240330398083, 2, 13.733559072999924, 655, 162020,                                             162020, 0.0, 2598.9541015625
253, -5921.0240778923035, 3, 16.350890503999835, 782, 162802,                                             162802, 0.0, 2671.23681640625
254, -3584.016474723816, 3, 9.720935058998293, 452, 163254,                                             163254, 0.0, 3006.708251953125
255, -6484.147378325462, 2, 21.967170987998543, 1060, 164314,                                             164314, 0.0, 2997.7236328125
256, -5166.368142724037, 3, 13.931639149996045, 662, 164976,                                             164976, 0.0, 2758.168701171875
257, -4498.284826517105, 2, 13.135888326003624, 623, 165599,                                             165599, 0.0, 2526.0078125
258, -6154.453651368618, 2, 19.957095536999987, 958, 166557,                                             166557, 0.0, 2976.568115234375
259, -3909.620852947235, 2, 6.132571827998618, 285, 166842,                                             166842, 0.0, 3430.664794921875
260, -8501.541117310524, 2, 21.16418959400471, 1017, 167859,                                             167859, 0.0, 2970.2392578125
261, -4641.006083250046, 3, 9.915240237001854, 465, 168324,                                             168324, 0.0, 2826.69970703125
262, -5423.382841348648, 3, 8.931561452998722, 425, 168749,                                             168749, 0.0, 2862.41845703125
263, -7832.786862313747, 2, 16.135717703997216, 769, 169518,                                             169518, 0.0, 2866.2734375
264, -6311.1408867836, 2, 14.362249556994357, 686, 170204,                                             170204, 0.0, 2865.334228515625
265, -3121.9748315811157, 2, 5.332734745999915, 251, 170455,                                             170455, 0.0, 3199.23779296875
266, -7089.299757242203, 2, 18.158964222995564, 841, 171296,                                             171296, 0.0, 2964.880126953125
267, -3766.3084596395493, 2, 7.531556566005747, 361, 171657,                                             171657, 0.0, 2607.687255859375
268, 2252.3232528567314, 1, 4.308807421999518, 192, 171849,                                             171849, 0.0, 2973.390380859375
269, -10027.072810649872, 2, 20.144601642001362, 961, 172810,                                             172810, 0.0, 3019.2021484375
270, -6186.888146042824, 3, 15.356341149003129, 726, 173536,                                             173536, 0.0, 3000.138671875
271, -4977.36677646637, 3, 14.138503446003597, 675, 174211,                                             174211, 0.0, 3498.8486328125
272, -3891.4512162208557, 3, 9.138470703001076, 432, 174643,                                             174643, 0.0, 3016.916015625
273, -6369.8705414533615, 3, 22.153127635996498, 1055, 175698,                                             175698, 0.0, 3017.42529296875
274, -6383.43672478199, 3, 22.16763285000343, 1060, 176758,                                             176758, 0.0, 2685.912109375
275, -5737.814404070377, 2, 19.542675842996687, 933, 177691,                                             177691, 0.0, 2896.99951171875
276, -7061.804025650024, 2, 16.959354430997337, 826, 178517,                                             178517, 0.0, 2960.215087890625
277, -8739.28137421608, 2, 20.347574122999504, 985, 179502,                                             179502, 0.0, 2689.22607421875
278, -11690.969894587994, 4, 49.83925409299991, 2423, 181925,                                             181925, 0.0, 2926.283935546875
279, -5804.885076403618, 2, 15.137545832003525, 725, 182650,                                             182650, 0.0, 3095.34521484375
280, -8979.553334772587, 3, 22.972791006999614, 1115, 183765,                                             183765, 0.0, 2655.46630859375
281, -9498.215423583984, 3, 19.118027823002194, 909, 184674,                                             184674, 0.0, 2550.521484375
282, -3838.354798555374, 2, 5.715852442001051, 272, 184946,                                             184946, 0.0, 2233.776611328125
283, -5527.847718715668, 3, 15.940325207004207, 739, 185685,                                             185685, 0.0, 2428.478271484375
284, 2076.4556109309196, 1, 4.921611431003839, 228, 185913,                                             185913, 0.0, 2790.30615234375
285, -12192.220205545425, 2, 42.59725705799792, 2010, 187923,                                             187923, 0.0, 3049.459228515625
286, -7551.344868421555, 3, 27.976451472000917, 1328, 189251,                                             189251, 0.0, 2541.26513671875
287, -4998.213767051697, 3, 11.94390427399776, 558, 189809,                                             189809, 0.0, 3065.3017578125
288, 2110.8665741682053, 1, 7.733007679002185, 361, 190170,                                             190170, 0.0, 3177.989501953125
289, -4201.318081378937, 2, 4.910105187002046, 217, 190387,                                             190387, 0.0, 2845.517578125
290, -12604.975948214531, 2, 28.17929120199551, 1336, 191723,                                             191723, 0.0, 2956.247802734375
291, -5050.234663486481, 3, 9.51384102600423, 445, 192168,                                             192168, 0.0, 2752.792236328125
292, -1062.1541385352612, 1, 29.1687769919954, 1376, 193544,                                             193544, 0.0, 2598.30126953125
293, -5249.40821993351, 3, 12.347835530003067, 581, 194125,                                             194125, 0.0, 2523.727294921875
294, -5299.326026439667, 2, 13.345752141001867, 629, 194754,                                             194754, 0.0, 2787.979736328125
295, -6615.16785466671, 2, 14.735377787001198, 686, 195440,                                             195440, 0.0, 3016.44384765625
296, -4778.68415749073, 2, 13.146198161004577, 625, 196065,                                             196065, 0.0, 2718.484619140625
297, -9577.78451514244, 2, 31.182170644999132, 1477, 197542,                                             197542, 0.0, 2560.652587890625
298, -3702.7523751854897, 2, 10.32173146900459, 476, 198018,                                             198018, 0.0, 2278.799072265625
299, -3958.2009752988815, 2, 11.139775212999666, 529, 198547,                                             198547, 0.0, 2709.3203125
300, -1856.2184650301933, 1, 20.360934919997817, 960, 199507,                                             199507, 0.0, 2778.352783203125
301, -12026.746341586113, 2, 41.87925179199374, 1976, 201483,                                             201483, 0.0, 2604.74365234375
302, -6017.577169895172, 2, 13.34642594599427, 630, 202113,                                             202113, 0.0, 2830.131103515625
303, -4324.093528270721, 2, 12.930718108000292, 605, 202718,                                             202718, 0.0, 2767.43212890625
304, -4590.870657205582, 3, 12.146764860000985, 567, 203285,                                             203285, 0.0, 2986.87060546875
305, 1677.6930484771729, 1, 8.314117550005903, 385, 203670,                                             203670, 0.0, 3528.892822265625
306, -12107.532304286957, 2, 22.965504791995045, 1083, 204753,                                             204753, 0.0, 3089.89453125
307, 1060.1753553152084, 1, 14.735408855995047, 686, 205439,                                             205439, 0.0, 3148.79345703125
308, -8713.79420888424, 2, 29.766943454000284, 1394, 206833,                                             206833, 0.0, 2995.76708984375
309, -5256.395280599594, 2, 15.149812299998302, 713, 207546,                                             207546, 0.0, 3003.077880859375
310, -7837.698070526123, 2, 14.347666470996046, 672, 208218,                                             208218, 0.0, 2622.521728515625
311, -4608.672320604324, 2, 13.11283767799614, 611, 208829,                                             208829, 0.0, 2932.619140625
312, 2391.7243704497814, 1, 3.92691522899986, 182, 209011,                                             209011, 0.0, 2274.237060546875
313, -7014.371379137039, 2, 25.15824624599918, 1177, 210188,                                             210188, 0.0, 2687.904296875
314, -6088.528899073601, 2, 13.139774106995901, 618, 210806,                                             210806, 0.0, 2667.1064453125
315, -3913.2621182203293, 2, 8.331679237999197, 394, 211200,                                             211200, 0.0, 3224.798828125
316, -4868.906592905521, 2, 16.534527509000327, 775, 211975,                                             211975, 0.0, 2761.030029296875
317, -6597.316641926765, 3, 24.166862653000862, 1146, 213121,                                             213121, 0.0, 2894.122314453125
318, -12205.499623417854, 2, 39.98777418499958, 1880, 215001,                                             215001, 0.0, 2817.1943359375
319, -8131.525416254997, 3, 29.768674093997106, 1399, 216400,                                             216400, 0.0, 3014.0986328125
320, -181.33922398090363, 1, 15.137273263004317, 708, 217108,                                             217108, 0.0, 2944.29296875
321, -3573.350511074066, 3, 5.698644377000164, 262, 217370,                                             217370, 0.0, 2508.114501953125
322, -8015.960999250412, 2, 35.78772605899576, 1689, 219059,                                             219059, 0.0, 2677.06494140625
323, -10295.52827012539, 2, 30.766217250995396, 1453, 220512,                                             220512, 0.0, 2735.986083984375
324, -4619.0956790447235, 2, 12.340668127995741, 577, 221089,                                             221089, 0.0, 2998.9140625
325, -7455.488848924637, 2, 27.76014998699975, 1314, 222403,                                             222403, 0.0, 3130.24658203125
326, 2295.449858009815, 1, 4.514350245997775, 203, 222606,                                             222606, 0.0, 3721.78759765625
327, -9099.467797994614, 2, 20.140916106000077, 940, 223546,                                             223546, 0.0, 2717.326171875
328, -5621.45340013504, 2, 13.751426738999726, 646, 224192,                                             224192, 0.0, 2617.42236328125
329, -9999.36242723465, 4, 50.02288726000552, 2356, 226548,                                             226548, 0.0, 2730.748291015625
330, 44.36504107713699, 1, 12.730670234006539, 595, 227143,                                             227143, 0.0, 2551.451904296875
331, -6071.624260425568, 3, 15.553240936002112, 725, 227868,                                             227868, 0.0, 3275.76171875
332, -4642.2950229644775, 3, 10.120840242998383, 468, 228336,                                             228336, 0.0, 3610.12744140625
333, -4129.843752980232, 2, 7.5293594629984, 345, 228681,                                             228681, 0.0, 3413.43701171875
334, -5707.06660926342, 2, 15.536733585999173, 724, 229405,                                             229405, 0.0, 3013.123046875
335, -3156.460453093052, 2, 5.529506361002859, 262, 229667,                                             229667, 0.0, 2297.2890625
336, -5450.894459843636, 2, 14.350109033999615, 669, 230336,                                             230336, 0.0, 2662.188232421875
337, -4166.092855930328, 2, 12.3279616219952, 572, 230908,                                             230908, 0.0, 2867.48876953125
338, -5572.514757394791, 2, 17.952938508002262, 852, 231760,                                             231760, 0.0, 2593.37939453125
339, -4198.528225064278, 3, 14.546296296997753, 688, 232448,                                             232448, 0.0, 2329.611083984375
340, -7845.083447694778, 2, 19.94935083299788, 929, 233377,                                             233377, 0.0, 2672.463623046875
341, -5735.843948066235, 3, 20.93579304299783, 981, 234358,                                             234358, 0.0, 2776.055419921875
342, -15356.869031786919, 2, 44.017224481001904, 2084, 236442,                                             236442, 0.0, 2560.9423828125
343, -4237.030209183693, 2, 11.944506621999608, 564, 237006,                                             237006, 0.0, 3084.220947265625
344, -13028.458687663078, 3, 39.80692767000437, 1893, 238899,                                             238899, 0.0, 2391.557373046875
345, -8601.7457447052, 2, 12.932414916002017, 595, 239494,                                             239494, 0.0, 2531.639892578125
346, -6684.895839214325, 2, 13.947992647001229, 652, 240146,                                             240146, 0.0, 3033.4326171875
347, -4235.827672064304, 2, 13.528868557004898, 623, 240769,                                             240769, 0.0, 2707.2041015625
348, -9103.51913678646, 3, 28.382821216000593, 1337, 242106,                                             242106, 0.0, 2657.529052734375
349, -3106.920310139656, 1, 25.556034016000922, 1208, 243314,                                             243314, 0.0, 2652.817138671875
350, -8332.499441683292, 3, 40.19718148699758, 1898, 245212,                                             245212, 0.0, 2603.885498046875
351, -5086.657691240311, 2, 12.7332444700005, 601, 245813,                                             245813, 0.0, 2522.760986328125
352, -9238.732628703117, 4, 49.62347253999906, 2349, 248162,                                             248162, 0.0, 2487.60888671875
353, -3920.382893562317, 2, 7.318183347997547, 329, 248491,                                             248491, 0.0, 2595.9833984375
354, 1719.6120304763317, 1, 10.52667925899732, 489, 248980,                                             248980, 0.0, 2805.578125
355, -3219.206700563431, 2, 2.326934775002883, 99, 249079,                                             249079, 0.0, 1758.347412109375
356, -7246.754574686289, 1, 20.364879896005732, 948, 250027,                                             250027, 0.0, 2522.206787109375
357, -3160.7498767375946, 2, 2.9223209470001166, 130, 250157,                                             250157, 0.0, 2660.641357421875
358, -9534.650859713554, 2, 36.402001882997865, 1708, 251865,                                             251865, 0.0, 2706.435791015625
359, 2296.334775686264, 1, 4.108514211999136, 184, 252049,                                             252049, 0.0, 2610.73046875
360, -4287.176802158356, 2, 8.733845339003892, 412, 252461,                                             252461, 0.0, 2326.724365234375
361, -7517.844140768051, 2, 21.32556282299629, 1000, 253461,                                             253461, 0.0, 2537.572509765625
362, -4900.633278369904, 2, 12.543376964000345, 585, 254046,                                             254046, 0.0, 2664.91015625
363, -7934.840796470642, 2, 23.152963669999735, 1082, 255128,                                             255128, 0.0, 2789.88330078125
364, -3740.0435597896576, 3, 8.540257023996674, 397, 255525,                                             255525, 0.0, 2785.54443359375
365, -5896.618054866791, 2, 12.732362620998174, 587, 256112,                                             256112, 0.0, 2654.77197265625
366, -9448.477907180786, 4, 50.42106536999927, 2374, 258486,                                             258486, 0.0, 2628.31884765625
367, -4150.966192513704, 1, 35.799017494995496, 1662, 260148,                                             260148, 0.0, 2457.75927734375
368, -3853.5063977837563, 2, 7.333498125997721, 339, 260487,                                             260487, 0.0, 2786.09228515625
369, -10045.384195685387, 4, 49.817474105002475, 2340, 262827,                                             262827, 0.0, 2358.466552734375
370, -7062.777911007404, 2, 18.562215521997132, 871, 263698,                                             263698, 0.0, 2268.8154296875
371, 425.7311524450779, 1, 17.924636420000752, 844, 264542,                                             264542, 0.0, 2545.995361328125
372, -6289.641555905342, 2, 16.536279902000388, 771, 265313,                                             265313, 0.0, 2697.77734375
373, -5478.194469690323, 2, 11.949936673998309, 563, 265876,                                             265876, 0.0, 2308.70361328125
374, 53.80237340927124, 1, 16.13738717999513, 750, 266626,                                             266626, 0.0, 2806.10791015625
375, -4107.644087135792, 2, 13.93534079100209, 642, 267268,                                             267268, 0.0, 2595.9716796875
376, 2076.4477446377277, 1, 7.931358624002314, 364, 267632,                                             267632, 0.0, 2706.03466796875
377, -9660.023173630238, 4, 50.22331501300505, 2352, 269984,                                             269984, 0.0, 2552.859130859375
378, -10998.624862015247, 2, 37.408597207999264, 1757, 271741,                                             271741, 0.0, 2468.580810546875
379, -9180.180794715881, 4, 49.81582954500482, 2332, 274073,                                             274073, 0.0, 2329.620361328125
380, -9448.363790869713, 2, 37.00148937699851, 1743, 275816,                                             275816, 0.0, 2465.48681640625
381, -9624.057651162148, 4, 49.78396018800413, 2337, 278153,                                             278153, 0.0, 2206.280029296875
382, -3809.019045352936, 2, 7.5204879569937475, 335, 278488,                                             278488, 0.0, 2406.6064453125
383, -12929.832538843155, 4, 49.425639039996895, 2315, 280803,                                             280803, 0.0, 2063.80224609375
384, -5450.740161895752, 3, 20.94594720099849, 961, 281764,                                             281764, 0.0, 2876.4296875
385, -783.5869705677032, 1, 24.57341586700204, 1154, 282918,                                             282918, 0.0, 1935.075439453125
386, -9775.439858824015, 2, 44.000475920998724, 2046, 284964,                                             284964, 0.0, 2090.319091796875
387, -12399.26903617382, 4, 50.01921058099833, 2340, 287304,                                             287304, 0.0, 1897.549560546875
388, 2318.0967929959297, 1, 3.92408232800517, 175, 287479,                                             287479, 0.0, 2908.052001953125
389, -11641.40820801258, 4, 50.211849758001335, 2346, 289825,                                             289825, 0.0, 2059.4736328125
390, -9098.156752347946, 2, 28.9790499610026, 1356, 291181,                                             291181, 0.0, 2310.080078125
391, -451.3180043697357, 1, 23.721274790004827, 1111, 292292,                                             292292, 0.0, 1882.4039306640625
392, -5688.12511408329, 2, 26.973190540993528, 1260, 293552,                                             293552, 0.0, 2174.637451171875
393, -1348.672967672348, 1, 16.94841426199855, 787, 294339,                                             294339, 0.0, 1828.6494140625
394, -5491.825732648373, 1, 29.960660502998508, 1391, 295730,                                             295730, 0.0, 2236.642822265625
395, -4730.554829359055, 2, 3.322985623002751, 147, 295877,                                             295877, 0.0, 1712.1187744140625
396, 730.7888398170471, 1, 17.156039455003338, 775, 296652,                                             296652, 0.0, 1804.2857666015625
397, 1148.5661041736603, 1, 13.326599389001785, 615, 297267,                                             297267, 0.0, 1778.6011962890625
398, -3799.9296877384186, 2, 4.129168548999587, 188, 297455,                                             297455, 0.0, 3011.062744140625
399, -8112.99582785368, 4, 49.81359813999734, 2328, 299783,                                             299783, 0.0, 2149.3759765625
400, -11732.850599944592, 2, 40.39527929000178, 1894, 301677,                                             301677, 0.0, 2192.603515625
401, -7970.379730343819, 4, 49.96131018899905, 2324, 304001,                                             304001, 0.0, 2174.325439453125
402, -5567.241533994675, 2, 10.94178942200233, 509, 304510,                                             304510, 0.0, 2189.983154296875
403, -11423.910402953625, 4, 49.81018766499619, 2318, 306828,                                             306828, 0.0, 2065.363037109375
404, 2169.282898694277, 1, 4.729329951005639, 219, 307047,                                             307047, 0.0, 1588.71630859375
405, -4165.737763822079, 3, 14.328726407999056, 658, 307705,                                             307705, 0.0, 1900.578125
406, -1472.3124887347221, 1, 22.565069909003796, 1054, 308759,                                             308759, 0.0, 2252.731689453125
407, -2702.036010861397, 2, 2.5063535240042256, 104, 308863,                                             308863, 0.0, 2092.647216796875
408, -7632.673923552036, 2, 26.775836731998425, 1244, 310107,                                             310107, 0.0, 2469.4482421875
409, 2187.2350972890854, 1, 7.71702576399548, 348, 310455,                                             310455, 0.0, 1868.073974609375
410, -7051.052988886833, 2, 23.954679745002068, 1102, 311557,                                             311557, 0.0, 2146.66845703125
411, -2982.7241984009743, 3, 9.30795228700299, 433, 311990,                                             311990, 0.0, 2269.391357421875
412, -8424.623006820679, 2, 34.192652695994184, 1601, 313591,                                             313591, 0.0, 2127.67919921875
413, -10695.618442058563, 4, 49.63274841700331, 2307, 315898,                                             315898, 0.0, 1899.945556640625
414, -5148.371219038963, 2, 20.548697320002248, 946, 316844,                                             316844, 0.0, 2112.01513671875
415, -4739.730710983276, 3, 17.555204866999702, 814, 317658,                                             317658, 0.0, 1793.427490234375
416, 1588.4753476381302, 1, 10.120793645000958, 462, 318120,                                             318120, 0.0, 2176.04541015625
417, -4536.4546248316765, 3, 14.951065201996244, 696, 318816,                                             318816, 0.0, 2272.633544921875
418, -3269.555817604065, 3, 9.53635319800378, 442, 319258,                                             319258, 0.0, 1710.428466796875
419, -8742.357055783272, 3, 27.36545226800081, 1259, 320517,                                             320517, 0.0, 2094.732666015625
420, -8207.407745420933, 4, 50.42498050699942, 2350, 322867,                                             322867, 0.0, 2048.28662109375
421, -4384.731256246567, 2, 12.888197947999288, 590, 323457,                                             323457, 0.0, 1976.669921875
422, -7690.72403177619, 2, 27.181312120002985, 1265, 324722,                                             324722, 0.0, 2220.35693359375
423, -5177.939581692219, 2, 16.757147626994993, 776, 325498,                                             325498, 0.0, 2189.217041015625
424, 749.3012917637825, 1, 15.543663901997206, 709, 326207,                                             326207, 0.0, 2121.5458984375
425, -3836.3624764978886, 1, 38.00401241899817, 1776, 327983,                                             327983, 0.0, 1848.0211181640625
426, -4093.665011048317, 2, 2.7088175039971247, 118, 328101,                                             328101, 0.0, 1540.517578125
427, -9353.613458871841, 1, 47.63195897699916, 2203, 330304,                                             330304, 0.0, 2220.563232421875
428, -5525.662079334259, 2, 9.921708567999303, 450, 330754,                                             330754, 0.0, 2586.282958984375
429, -15787.431684613228, 3, 43.412979786000506, 2024, 332778,                                             332778, 0.0, 2207.744140625
430, -10488.476397931576, 4, 50.032788306998555, 2312, 335090,                                             335090, 0.0, 2251.5302734375
431, -6621.277177929878, 2, 22.315236426999036, 1042, 336132,                                             336132, 0.0, 1815.547119140625
432, 2321.650570988655, 1, 4.108608904003631, 177, 336309,                                             336309, 0.0, 2487.141845703125
433, 1381.89327865839, 1, 11.12778215900471, 503, 336812,                                             336812, 0.0, 2011.17529296875
434, -3032.2415695786476, 3, 7.328786605998175, 334, 337146,                                             337146, 0.0, 1599.6671142578125
435, -5106.202684760094, 1, 43.60692324199772, 2013, 339159,                                             339159, 0.0, 2417.0361328125
436, -3705.2290328145027, 2, 12.338030143997457, 573, 339732,                                             339732, 0.0, 2654.960205078125
437, -5227.659355163574, 3, 16.341078095996636, 752, 340484,                                             340484, 0.0, 2467.168212890625
438, -3933.251430273056, 2, 5.732010968997201, 252, 340736,                                             340736, 0.0, 2088.54052734375
439, -3919.131311714649, 2, 13.73105795000447, 630, 341366,                                             341366, 0.0, 2238.110595703125
440, -3767.4283423423767, 2, 6.931754755998554, 317, 341683,                                             341683, 0.0, 2160.26513671875
441, -5535.4715722203255, 2, 19.685373101994628, 900, 342583,                                             342583, 0.0, 2470.8193359375
442, -3812.632428228855, 2, 11.14062388799357, 513, 343096,                                             343096, 0.0, 2238.021240234375
443, -5912.827523469925, 3, 19.164526688997285, 883, 343979,                                             343979, 0.0, 2227.662109375
444, -10503.582551717758, 2, 43.998059502002434, 2022, 346001,                                             346001, 0.0, 2494.40869140625
445, -5577.589761555195, 1, 34.39811062899389, 1595, 347596,                                             347596, 0.0, 2133.991455078125
446, -5445.351777136326, 3, 22.944450039998628, 1055, 348651,                                             348651, 0.0, 2556.99853515625
447, -4929.985722661018, 3, 15.346134068000538, 707, 349358,                                             349358, 0.0, 2296.73095703125
448, -241.65660816431046, 1, 21.749982635003107, 987, 350345,                                             350345, 0.0, 2043.446044921875
449, -756.2951340973377, 1, 29.170204003996332, 1337, 351682,                                             351682, 0.0, 2559.87109375
450, -9512.738814353943, 4, 49.83325533899915, 2302, 353984,                                             353984, 0.0, 2252.36279296875
451, -435.25994032621384, 1, 22.697990006003238, 1043, 355027,                                             355027, 0.0, 2431.627685546875
452, -7851.634783565998, 4, 50.42966963300569, 2340, 357367,                                             357367, 0.0, 2124.58544921875
453, -9367.822080016136, 4, 49.8086027169993, 2294, 359661,                                             359661, 0.0, 2397.582763671875
454, -8444.126747071743, 1, 43.62052194599528, 2013, 361674,                                             361674, 0.0, 2028.490966796875
455, -3293.868199825287, 2, 3.1078078470018227, 126, 361800,                                             361800, 0.0, 2095.7255859375
456, -10662.76956897974, 4, 49.8295036740019, 2296, 364096,                                             364096, 0.0, 2186.912109375
457, -13730.228865385056, 3, 50.237400851998245, 2297, 366393,                                             366393, 0.0, 2273.139892578125
458, -1266.257119640708, 1, 19.559117864002474, 893, 367286,                                             367286, 0.0, 1902.3177490234375
459, 21.606119841337204, 1, 19.748893017000228, 898, 368184,                                             368184, 0.0, 2233.4365234375
460, -6916.276155292988, 3, 21.570636570002534, 998, 369182,                                             369182, 0.0, 2231.23486328125
461, -3696.756141960621, 1, 34.30751608299761, 1577, 370759,                                             370759, 0.0, 2102.111328125
462, -4728.8823273181915, 3, 10.544419812002161, 482, 371241,                                             371241, 0.0, 1739.3411865234375
463, -10843.08568406105, 2, 44.400590544995794, 2042, 373283,                                             373283, 0.0, 1941.3778076171875
464, -10479.828538298607, 2, 28.567846342004486, 1307, 374590,                                             374590, 0.0, 2122.912109375
465, -1001.4632437229156, 1, 24.16766026899859, 1110, 375700,                                             375700, 0.0, 2274.689208984375
466, -6468.51159954071, 2, 20.547573320000083, 930, 376630,                                             376630, 0.0, 1926.4219970703125
467, 1034.7554189562798, 1, 13.930933848998393, 627, 377257,                                             377257, 0.0, 2166.299560546875
468, -3722.483902812004, 2, 12.734858131996589, 577, 377834,                                             377834, 0.0, 2329.507568359375
469, -3077.8860363960266, 3, 8.734377880995453, 402, 378236,                                             378236, 0.0, 1712.35107421875
470, 166.93423277139664, 1, 19.54493133300275, 889, 379125,                                             379125, 0.0, 2196.294189453125
471, -3223.6095194518566, 1, 41.16043926800194, 1894, 381019,                                             381019, 0.0, 2171.00439453125
472, -9207.45219707489, 4, 50.21619552699849, 2308, 383327,                                             383327, 0.0, 1964.8128662109375
473, -6914.90091919899, 3, 23.368566921999445, 1067, 384394,                                             384394, 0.0, 1762.1639404296875
474, -12256.726531207561, 4, 49.6089363850042, 2280, 386674,                                             386674, 0.0, 2147.130126953125
475, -9588.241234779358, 4, 50.013524938003684, 2282, 388956,                                             388956, 0.0, 2057.4599609375
476, -4711.559555053711, 2, 10.144954510004027, 459, 389415,                                             389415, 0.0, 1834.26611328125
477, 418.2023311406374, 1, 17.742320356002892, 803, 390218,                                             390218, 0.0, 2234.06298828125
478, -519.8614582419395, 1, 23.370772835995012, 1062, 391280,                                             391280, 0.0, 2536.220947265625
479, -9371.34409558773, 3, 33.571052500003134, 1527, 392807,                                             392807, 0.0, 1947.989501953125
480, -4732.127057254314, 2, 14.750670266002999, 675, 393482,                                             393482, 0.0, 2798.15576171875
481, 802.3027418255806, 1, 15.073858151001332, 671, 394153,                                             394153, 0.0, 2325.16259765625
482, -7666.363541305065, 3, 26.978202772006625, 1231, 395384,                                             395384, 0.0, 1875.002685546875
483, -5015.572165876627, 1, 49.02725294300035, 2247, 397631,                                             397631, 0.0, 2319.65185546875
484, -12589.377536952496, 2, 39.38572299500083, 1804, 399435,                                             399435, 0.0, 2446.728759765625
485, -2630.5018288493156, 1, 31.591597546997946, 1448, 400883,                                             400883, 0.0, 2014.376220703125
486, -4028.546267271042, 1, 42.80014750199916, 1957, 402840,                                             402840, 0.0, 1991.510498046875
487, -8913.968611955643, 4, 50.437056208000286, 2323, 405163,                                             405163, 0.0, 2089.08642578125
488, -815.7600129246712, 1, 26.758237315996666, 1221, 406384,                                             406384, 0.0, 2145.1494140625
489, -4398.8396008610725, 3, 11.725427099001536, 526, 406910,                                             406910, 0.0, 2339.5537109375
490, -11588.437060594559, 3, 49.61877140199795, 2269, 409179,                                             409179, 0.0, 2048.632568359375
491, -887.5618076324463, 1, 20.46889821300283, 928, 410107,                                             410107, 0.0, 2314.927734375
492, -8254.786392450333, 3, 15.35685944299621, 700, 410807,                                             410807, 0.0, 2363.149169921875
493, -9106.420849323273, 2, 36.39448879699921, 1665, 412472,                                             412472, 0.0, 2197.034423828125
494, -940.3842675089836, 1, 21.95055708199652, 991, 413463,                                             413463, 0.0, 2441.817626953125
495, -5323.396735668182, 2, 22.75436478300253, 1035, 414498,                                             414498, 0.0, 2181.936767578125
496, 827.7608503103256, 1, 15.547483485999692, 712, 415210,                                             415210, 0.0, 2610.968994140625
497, -1954.2376673817635, 1, 17.739008880002075, 798, 416008,                                             416008, 0.0, 2160.8291015625
498, 374.9477761387825, 1, 16.938365517999046, 770, 416778,                                             416778, 0.0, 2179.991943359375
499, -7459.11305308342, 3, 23.37105182599771, 1065, 417843,                                             417843, 0.0, 2520.0947265625
500, -6349.029774725437, 1, 29.572289473006094, 1353, 419196,                                             419196, 0.0, 2404.917724609375
501, 498.30222204327583, 1, 22.686490421998315, 1037, 420233,                                             420233, 0.0, 2191.317138671875
502, -817.1329252719879, 1, 16.939728700999694, 764, 420997,                                             420997, 0.0, 2090.26220703125
503, -6339.119910955429, 2, 7.135500256998057, 321, 421318,                                             421318, 0.0, 2226.912109375
504, -671.5413535833359, 1, 26.9655163750067, 1229, 422547,                                             422547, 0.0, 2188.810302734375
505, -5433.374438047409, 3, 15.73375677599688, 707, 423254,                                             423254, 0.0, 2503.85546875
506, -14385.586317181587, 2, 34.98997813800088, 1602, 424856,                                             424856, 0.0, 2145.212158203125
507, -6251.060863614082, 2, 14.756832587001554, 671, 425527,                                             425527, 0.0, 2449.9677734375
508, 133.2879403233528, 1, 19.166070899998886, 874, 426401,                                             426401, 0.0, 2343.173095703125
509, -11885.355808913708, 4, 50.21178876799968, 2292, 428693,                                             428693, 0.0, 2205.442626953125
510, 2215.7846284508705, 1, 4.327252270995814, 189, 428882,                                             428882, 0.0, 1992.2086181640625
511, -3634.6837246418, 3, 5.812519400002202, 253, 429135,                                             429135, 0.0, 1575.4490966796875
512, -7946.738752961159, 2, 21.563067380993743, 977, 430112,                                             430112, 0.0, 2147.681640625
513, -10831.330646038055, 4, 49.80904006199853, 2265, 432377,                                             432377, 0.0, 2018.9412841796875
514, -13601.423540890217, 2, 39.80575695999869, 1821, 434198,                                             434198, 0.0, 1935.97265625
515, 1739.8668665140867, 1, 10.72145377400011, 468, 434666,                                             434666, 0.0, 2153.95751953125
516, -3919.857722043991, 3, 11.330836280001677, 500, 435166,                                             435166, 0.0, 2216.199462890625
517, -8235.259457290173, 4, 49.83059681200393, 2285, 437451,                                             437451, 0.0, 2170.214111328125
518, -16717.635667085648, 4, 50.622926672003814, 2306, 439757,                                             439757, 0.0, 1834.50732421875
519, 1073.2660761475563, 1, 16.35166726400348, 742, 440499,                                             440499, 0.0, 2470.9921875
520, -5198.024530947208, 3, 18.145066288001544, 814, 441313,                                             441313, 0.0, 1881.287109375
521, -6097.3739376068115, 3, 24.667039651001687, 1122, 442435,                                             442435, 0.0, 2171.916015625
522, -5785.768670678139, 2, 21.969021851000434, 988, 443423,                                             443423, 0.0, 1855.0501708984375
523, -7483.132727384567, 2, 19.74548775600124, 890, 444313,                                             444313, 0.0, 2257.449951171875
524, -10165.830310046673, 2, 45.402466815998196, 2058, 446371,                                             446371, 0.0, 2249.5751953125
525, 2401.417155176401, 1, 3.9250636500000837, 174, 446545,                                             446545, 0.0, 1788.9873046875
526, -9017.935930132866, 2, 36.2008199089978, 1645, 448190,                                             448190, 0.0, 1950.6763916015625
527, -9852.266345620155, 4, 50.018809240005794, 2268, 450458,                                             450458, 0.0, 1891.830078125
528, -10935.225806772709, 2, 47.624681959001464, 2164, 452622,                                             452622, 0.0, 2038.5455322265625
529, -3493.7116891145706, 1, 33.97496425099962, 1526, 454148,                                             454148, 0.0, 2179.279541015625
530, -3614.774185180664, 3, 9.920951674001117, 441, 454589,                                             454589, 0.0, 1956.0667724609375
531, -5972.89905115962, 3, 20.683759789004398, 928, 455517,                                             455517, 0.0, 2201.766845703125
532, 1675.6541944742203, 1, 10.722452650996274, 474, 455991,                                             455991, 0.0, 2133.063720703125
533, -8987.775422394276, 2, 35.584001474002434, 1605, 457596,                                             457596, 0.0, 1986.50439453125
534, -10496.52812999487, 2, 38.60837529300625, 1750, 459346,                                             459346, 0.0, 2054.0908203125
535, -6758.792158424854, 2, 18.16260617700027, 820, 460166,                                             460166, 0.0, 2374.605712890625
536, -993.6255402565002, 1, 21.971650184997998, 987, 461153,                                             461153, 0.0, 2560.22802734375
537, -4612.12192183733, 1, 46.80294620200584, 2126, 463279,                                             463279, 0.0, 2463.78662109375
538, -6344.334955573082, 2, 25.58418499799882, 1156, 464435,                                             464435, 0.0, 2425.119873046875
539, -2346.281178176403, 1, 16.140432583997608, 721, 465156,                                             465156, 0.0, 2218.58544921875
540, -4621.593495249748, 2, 9.52614201400138, 427, 465583,                                             465583, 0.0, 2277.656982421875
541, -3232.195601463318, 3, 9.028585644002305, 397, 465980,                                             465980, 0.0, 2880.45654296875
542, -235.5827150940895, 1, 21.3558452569996, 963, 466943,                                             466943, 0.0, 2147.90673828125
543, -5553.650468885899, 2, 25.569622230999812, 1144, 468087,                                             468087, 0.0, 2094.098388671875
544, 1615.8457340300083, 1, 12.942993434997334, 583, 468670,                                             468670, 0.0, 2165.064453125
545, -6851.624739795923, 2, 33.782616468000924, 1525, 470195,                                             470195, 0.0, 1842.2034912109375
546, -5469.169312119484, 3, 14.55172625400155, 652, 470847,                                             470847, 0.0, 2031.213623046875
547, 77.0258532166481, 1, 21.76774323299469, 982, 471829,                                             471829, 0.0, 2288.542724609375
548, -0.2647431492805481, 1, 25.15621271800046, 1128, 472957,                                             472957, 0.0, 1961.7469482421875
549, -3200.6873359680176, 2, 2.724137031000282, 118, 473075,                                             473075, 0.0, 1599.5609130859375
550, -3770.00001680851, 3, 9.537151700998947, 424, 473499,                                             473499, 0.0, 2071.189208984375
551, -1817.7322750091553, 1, 32.64778717299487, 1473, 474972,                                             474972, 0.0, 2245.55908203125
552, -4156.6870810985565, 3, 11.128222109997296, 492, 475464,                                             475464, 0.0, 2005.6832275390625
553, 348.3582419902086, 1, 19.16258856999775, 866, 476330,                                             476330, 0.0, 2427.321533203125
554, -9425.077983558178, 2, 43.80018454499805, 1965, 478295,                                             478295, 0.0, 2387.36865234375
555, -105.46135693788528, 1, 19.356519551998645, 871, 479166,                                             479166, 0.0, 2427.677001953125
556, -12024.801470935345, 4, 50.214347143999476, 2258, 481424,                                             481424, 0.0, 2266.155517578125
557, 755.8390754461288, 1, 8.936268058998394, 397, 481821,                                             481821, 0.0, 1993.5565185546875
558, -10358.383104205132, 3, 41.39083615900017, 1862, 483683,                                             483683, 0.0, 2047.0589599609375
559, 1001.3493015766144, 1, 8.535760886996286, 379, 484062,                                             484062, 0.0, 2348.322998046875
560, -4919.56202018261, 2, 11.323162376000255, 500, 484562,                                             484562, 0.0, 2155.185546875
561, 332.52093827724457, 1, 13.037798980003572, 575, 485137,                                             485137, 0.0, 2442.76806640625
562, -5362.666287660599, 3, 11.942286024997884, 541, 485678,                                             485678, 0.0, 2359.317626953125
563, -5969.376886665821, 2, 17.958659497002373, 815, 486493,                                             486493, 0.0, 2437.083251953125
564, -3713.5674626231194, 1, 34.1769966819993, 1527, 488020,                                             488020, 0.0, 2262.04248046875
565, -4732.705287992954, 2, 10.749674537000828, 475, 488495,                                             488495, 0.0, 2432.039794921875
566, -7996.862666428089, 1, 45.804212670002016, 2061, 490556,                                             490556, 0.0, 2272.3232421875
567, -3838.978688955307, 2, 10.338941582005646, 461, 491017,                                             491017, 0.0, 2211.8955078125
568, -587.9840090870857, 1, 25.37207677400147, 1132, 492149,                                             492149, 0.0, 2130.37109375
569, -8105.240764528513, 1, 41.00734736800223, 1852, 494001,                                             494001, 0.0, 2086.220947265625
570, -3387.049841403961, 3, 10.540873749007005, 448, 494449,                                             494449, 0.0, 2514.277099609375
571, 1096.6531474888325, 1, 16.228196923002542, 728, 495177,                                             495177, 0.0, 2204.325927734375
572, -1973.7487424761057, 1, 29.371590558999742, 1307, 496484,                                             496484, 0.0, 2046.1207275390625
573, -8327.19525706768, 4, 50.2340785300039, 2254, 498738,                                             498738, 0.0, 2128.119384765625
574, -3245.3447989821434, 3, 9.321587521000765, 410, 499148,                                             499148, 0.0, 2157.596435546875
575, -4345.116160392761, 3, 10.144578995998017, 448, 499596,                                             499596, 0.0, 2304.45263671875
576, -3158.9424370527267, 3, 8.922727266006405, 387, 499983,                                             499983, 0.0, 3071.397216796875
577, -10110.3953576684, 3, 45.420012399998086, 2035, 502018,                                             502018, 0.0, 1978.7847900390625
578, -3982.7224774956703, 2, 10.339205912998295, 465, 502483,                                             502483, 0.0, 2153.3388671875
579, -4051.511803627014, 2, 9.134603585996956, 402, 502885,                                             502885, 0.0, 1844.299072265625
580, 570.9253588020802, 1, 10.326508825994097, 450, 503335,                                             503335, 0.0, 2531.42919921875
581, -3235.16241979599, 2, 6.6244153330044355, 295, 503630,                                             503630, 0.0, 2036.78369140625
582, 1039.9141292572021, 1, 11.928222075999656, 519, 504149,                                             504149, 0.0, 2108.713134765625
583, 1489.3727422952652, 1, 10.140121814001759, 448, 504597,                                             504597, 0.0, 2192.339599609375
584, -10831.405456125736, 2, 42.99677367199911, 1929, 506526,                                             506526, 0.0, 2246.54150390625
585, 1059.0446223318577, 1, 16.95708593999734, 765, 507291,                                             507291, 0.0, 2314.1708984375
586, -7790.683156043291, 4, 50.60425374999613, 2256, 509547,                                             509547, 0.0, 2303.728759765625
587, 1621.6081085801125, 1, 10.325163780995354, 450, 509997,                                             509997, 0.0, 2715.53759765625
588, -350.6513951420784, 1, 18.962894413998583, 850, 510847,                                             510847, 0.0, 2369.232666015625
589, -3107.4235039949417, 1, 37.5992338770011, 1661, 512508,                                             512508, 0.0, 2215.33935546875
590, -6865.442305862904, 2, 24.955859677000262, 1109, 513617,                                             513617, 0.0, 2681.199951171875
591, -146.8045910000801, 1, 25.048736534001364, 1130, 514747,                                             514747, 0.0, 2587.314697265625
592, -5681.550978004932, 2, 24.15964284099755, 1065, 515812,                                             515812, 0.0, 2512.238037109375
593, -5948.823232591152, 3, 13.552838011004496, 602, 516414,                                             516414, 0.0, 2274.371337890625
594, 1047.704114973545, 1, 13.130900185999053, 575, 516989,                                             516989, 0.0, 2190.105224609375
595, -5104.996254384518, 2, 16.151866999003687, 718, 517707,                                             517707, 0.0, 2545.67578125
596, 1676.201265156269, 1, 9.720123411003442, 412, 518119,                                             518119, 0.0, 2473.9814453125
597, -3552.118166446686, 2, 7.920542204999947, 334, 518453,                                             518453, 0.0, 1969.7626953125
598, -3544.329860806465, 1, 42.199294065001595, 1880, 520333,                                             520333, 0.0, 2376.413818359375
599, -6355.893660604954, 2, 31.372537107003154, 1397, 521730,                                             521730, 0.0, 2415.272216796875
600, -3005.245914697647, 3, 9.344059472998197, 412, 522142,                                             522142, 0.0, 1985.4404296875
601, -13784.894711613655, 2, 48.35892013999546, 2151, 524293,                                             524293, 0.0, 2228.60595703125
602, 762.0124740600586, 1, 15.957732391994796, 707, 525000,                                             525000, 0.0, 2189.202880859375
603, -1265.8355920314789, 1, 24.754869475000305, 1099, 526099,                                             526099, 0.0, 2339.78515625
604, -3257.68153488636, 2, 5.314191876997938, 226, 526325,                                             526325, 0.0, 1722.39794921875
605, -8118.313372731209, 2, 32.19279556199763, 1430, 527755,                                             527755, 0.0, 2430.91357421875
606, 1224.1869619488716, 1, 14.128744741996343, 617, 528372,                                             528372, 0.0, 1908.5528564453125
607, -5698.030403345823, 1, 27.379603234003298, 1211, 529583,                                             529583, 0.0, 2055.2734375
608, -4689.735089182854, 2, 24.76082728300389, 1088, 530671,                                             530671, 0.0, 2517.692626953125
609, -8736.237214386463, 2, 39.22182165599952, 1744, 532415,                                             532415, 0.0, 2118.238037109375
610, -10905.656307458878, 4, 49.63562022100086, 2212, 534627,                                             534627, 0.0, 2158.96875
611, -6107.4923513531685, 3, 14.19507455299754, 617, 535244,                                             535244, 0.0, 2268.9658203125
612, 278.67646884918213, 1, 12.947535612998763, 566, 535810,                                             535810, 0.0, 2417.46044921875
613, -7750.181233525276, 4, 50.62078419500176, 2253, 538063,                                             538063, 0.0, 2161.16015625
614, 878.0018600821495, 1, 15.352229687996441, 683, 538746,                                             538746, 0.0, 2132.9150390625
615, 667.3879412710667, 1, 24.358151230997464, 1070, 539816,                                             539816, 0.0, 2460.698486328125
616, 355.72848680615425, 1, 14.956427695004095, 657, 540473,                                             540473, 0.0, 2133.940185546875
617, 949.7618317902088, 1, 19.34456961500109, 852, 541325,                                             541325, 0.0, 2380.30322265625
618, -3783.6671574115753, 2, 4.123290033996454, 179, 541504,                                             541504, 0.0, 1364.1395263671875
619, -4027.9623314738274, 1, 39.416199940002116, 1760, 543264,                                             543264, 0.0, 2422.406005859375
620, -5136.335703134537, 2, 15.13681282899779, 657, 543921,                                             543921, 0.0, 2811.065185546875
621, 1858.7052968740463, 1, 7.1938061350010685, 304, 544225,                                             544225, 0.0, 2561.73388671875
622, 1430.029209971428, 1, 11.94346390899591, 512, 544737,                                             544737, 0.0, 2802.967041015625
623, -6318.9857659339905, 4, 49.627301300999534, 2199, 546936,                                             546936, 0.0, 2196.2587890625
624, -10495.42460346222, 4, 49.817994939003256, 2201, 549137,                                             549137, 0.0, 2870.080322265625
625, 112.42903977632523, 1, 20.546918018000724, 905, 550042,                                             550042, 0.0, 2677.636962890625
626, -1520.4823860526085, 1, 18.964537933003157, 840, 550882,                                             550882, 0.0, 2734.539794921875
627, -12644.462039589882, 3, 37.584173604998796, 1676, 552558,                                             552558, 0.0, 2305.06494140625
628, 1601.7138941287994, 1, 10.92740470800345, 481, 553039,                                             553039, 0.0, 2383.757568359375
629, -11759.962616026402, 4, 50.232274735994, 2247, 555286,                                             555286, 0.0, 2672.9521484375
630, -4977.082797050476, 3, 18.14434410299873, 797, 556083,                                             556083, 0.0, 1981.4439697265625
631, -12422.817269027233, 3, 35.05738748099975, 1573, 557656,                                             557656, 0.0, 2377.166259765625
632, -3744.3730167150497, 1, 45.414895923000586, 2034, 559690,                                             559690, 0.0, 2152.4814453125
633, -1898.799153804779, 1, 38.39546884500305, 1700, 561390,                                             561390, 0.0, 2338.518310546875
634, -9783.086252093315, 2, 45.225093093002215, 2020, 563410,                                             563410, 0.0, 2439.60009765625
635, 1392.1996711492538, 1, 12.729483570998127, 552, 563962,                                             563962, 0.0, 2370.938232421875
636, -8430.670012652874, 4, 50.823301924996485, 2263, 566225,                                             566225, 0.0, 2548.569580078125
637, -2081.986403942108, 1, 28.38889069000288, 1273, 567498,                                             567498, 0.0, 2640.697265625
638, -4646.072405517101, 1, 31.172087826998904, 1377, 568875,                                             568875, 0.0, 2790.32861328125
639, -9635.114110648632, 2, 44.01288334999845, 1939, 570814,                                             570814, 0.0, 2297.9365234375
640, 299.9660597741604, 1, 18.760036792999017, 838, 571652,                                             571652, 0.0, 2252.373291015625
641, -939.7659096121788, 1, 27.41306351700041, 1210, 572862,                                             572862, 0.0, 2691.7353515625
642, -5743.7171058654785, 2, 18.756427266001992, 836, 573698,                                             573698, 0.0, 2508.882568359375
643, -7636.887571811676, 4, 49.807996101000754, 2227, 575925,                                             575925, 0.0, 2315.545166015625
644, -5459.688601493835, 3, 20.54639232200134, 935, 576860,                                             576860, 0.0, 2537.291259765625
645, -4868.026098191738, 3, 17.953487520993804, 817, 577677,                                             577677, 0.0, 2997.501220703125
646, -5099.930654287338, 2, 13.32432727199921, 598, 578275,                                             578275, 0.0, 2611.0556640625
647, 341.0719329416752, 1, 15.95697659599682, 722, 578997,                                             578997, 0.0, 2114.861083984375
648, -1497.6996178627014, 1, 23.351599483998143, 1057, 580054,                                             580054, 0.0, 2573.585205078125
649, -11333.484350025654, 3, 40.42470313100057, 1784, 581838,                                             581838, 0.0, 2418.1083984375
650, -12829.964461863041, 4, 49.81016825300321, 2241, 584079,                                             584079, 0.0, 2124.17236328125
651, -12788.106994867325, 3, 36.81132654900284, 1671, 585750,                                             585750, 0.0, 2603.277099609375
652, 425.09455892443657, 1, 15.752259649001644, 698, 586448,                                             586448, 0.0, 2345.830810546875
653, -7980.2733426094055, 3, 31.984091956001066, 1443, 587891,                                             587891, 0.0, 2197.043212890625
654, -3762.443564414978, 3, 12.325679141002183, 535, 588426,                                             588426, 0.0, 2338.138427734375
655, -4860.8615590929985, 3, 11.741984161999426, 521, 588947,                                             588947, 0.0, 2305.364013671875
656, -5126.647209703922, 2, 11.329178959000274, 483, 589430,                                             589430, 0.0, 2525.458740234375
657, 1816.7160485386848, 1, 7.135202093995758, 310, 589740,                                             589740, 0.0, 2438.765380859375
658, -4742.099686861038, 1, 46.61291820699989, 2047, 591787,                                             591787, 0.0, 2275.73388671875
659, 709.3066082596779, 1, 19.36183004900522, 842, 592629,                                             592629, 0.0, 2400.95361328125
660, -6359.861783981323, 3, 28.363205787005427, 1239, 593868,                                             593868, 0.0, 2270.54248046875
